Index,Factor,Shape Factor,nInfluencePoints
1,17.1,0.120915,14
2,12.9,0.0912168,18
3,13,0.0919239,17
4,13,0.0919239,17
5,13,0.0919239,17
6,13,0.0919239,17
7,13,0.0919239,17
8,13,0.0919239,17
9,13,0.0919239,17
10,13,0.0919239,17
11,13,0.0919239,17
12,13,0.0919239,17
13,13,0.0919239,17
14,13,0.0919239,17
15,13,0.0919239,17
16,13,0.0919239,17
17,13,0.0919239,17
18,13,0.0919239,17
19,13,0.0919239,17
20,13,0.0919239,17
21,13,0.0919239,17
22,13,0.0919239,17
23,13,0.0919239,17
24,12.9,0.0912168,18
25,17.1,0.120915,14
26,17.1,0.120915,14
27,12.9,0.0912168,18
28,13,0.0919239,17
29,13,0.0919239,17
30,13,0.0919239,17
31,13,0.0919239,17
32,13,0.0919239,17
33,13,0.0919239,17
34,13,0.0919239,17
35,13,0.0919239,17
36,13,0.0919239,17
37,13,0.0919239,17
38,13,0.0919239,17
39,13,0.0919239,17
40,13,0.0919239,17
41,13,0.0919239,17
42,13,0.0919239,17
43,13,0.0919239,17
44,12.9,0.0912168,18
45,17.1,0.120915,14
46,17.1,0.120915,14
47,12.9,0.0912168,18
48,13,0.0919239,17
49,13,0.0919239,17
50,13,0.0919239,17
51,13,0.0919239,17
52,13,0.0919239,17
53,13,0.0919239,17
54,13,0.0919239,17
55,13,0.0919239,17
56,13,0.0919239,17
57,13,0.0919239,17
58,13,0.0919239,17
59,13,0.0919239,17
60,13,0.0919239,17
61,13,0.0919239,17
62,13,0.0919239,17
63,13,0.0919239,17
64,13,0.0919239,17
65,13,0.0919239,17
66,13,0.0919239,17
67,13,0.0919239,17
68,13,0.0919239,17
69,12.9,0.0912168,18
70,17.1,0.120915,14
71,17.1,0.120915,14
72,12.9,0.0912168,18
73,13,0.0919239,17
74,13,0.0919239,17
75,13,0.0919239,17
76,13,0.0919239,17
77,13,0.0919239,17
78,13,0.0919239,17
79,13,0.0919239,17
80,13,0.0919239,17
81,13,0.0919239,17
82,13,0.0919239,17
83,13,0.0919239,17
84,13,0.0919239,17
85,13,0.0919239,17
86,13,0.0919239,17
87,13,0.0919239,17
88,13,0.0919239,17
89,12.9,0.0912168,18
90,17.1,0.120915,14
91,12.5,0.0883883,17
92,9.2,0.0650538,22
93,9.8,0.0692965,21
94,9.8,0.0692965,21
95,9.8,0.0692965,21
96,9.8,0.0692965,21
97,9.8,0.0692965,21
98,9.8,0.0692965,21
99,9.8,0.0692965,21
100,9.8,0.0692965,21
101,9.8,0.0692965,21
102,9.8,0.0692965,21
103,9.8,0.0692965,21
104,9.8,0.0692965,21
105,9.8,0.0692965,21
106,9.8,0.0692965,21
107,9.8,0.0692965,21
108,9.8,0.0692965,21
109,9.8,0.0692965,21
110,9.8,0.0692965,21
111,9.8,0.0692965,21
112,9.8,0.0692965,21
113,9.8,0.0692965,21
114,9.2,0.0650538,22
115,12.5,0.0883883,17
116,12.5,0.0883883,17
117,9.2,0.0650538,22
118,9.8,0.0692965,21
119,9.8,0.0692965,21
120,9.8,0.0692965,21
121,9.8,0.0692965,21
122,9.8,0.0692965,21
123,9.8,0.0692965,21
124,9.8,0.0692965,21
125,9.8,0.0692965,21
126,9.8,0.0692965,21
127,9.8,0.0692965,21
128,9.8,0.0692965,21
129,9.8,0.0692965,21
130,9.8,0.0692965,21
131,9.8,0.0692965,21
132,9.8,0.0692965,21
133,9.8,0.0692965,21
134,9.2,0.0650538,22
135,12.5,0.0883883,17
136,12.5,0.0883883,17
137,9.2,0.0650538,22
138,9.8,0.0692965,21
139,9.8,0.0692965,21
140,9.8,0.0692965,21
141,9.8,0.0692965,21
142,9.8,0.0692965,21
143,9.8,0.0692965,21
144,9.8,0.0692965,21
145,9.8,0.0692965,21
146,9.8,0.0692965,21
147,9.8,0.0692965,21
148,9.8,0.0692965,21
149,9.8,0.0692965,21
150,9.8,0.0692965,21
151,9.8,0.0692965,21
152,9.8,0.0692965,21
153,9.8,0.0692965,21
154,9.8,0.0692965,21
155,9.8,0.0692965,21
156,9.8,0.0692965,21
157,9.8,0.0692965,21
158,9.8,0.0692965,21
159,9.2,0.0650538,22
160,12.5,0.0883883,17
161,12.5,0.0883883,17
162,9.2,0.0650538,22
163,9.8,0.0692965,21
164,9.8,0.0692965,21
165,9.8,0.0692965,21
166,9.8,0.0692965,21
167,9.8,0.0692965,21
168,9.8,0.0692965,21
169,9.8,0.0692965,21
170,9.8,0.0692965,21
171,9.8,0.0692965,21
172,9.8,0.0692965,21
173,9.8,0.0692965,21
174,9.8,0.0692965,21
175,9.8,0.0692965,21
176,9.8,0.0692965,21
177,9.8,0.0692965,21
178,9.8,0.0692965,21
179,9.2,0.0650538,22
180,12.5,0.0883883,17
181,11.8,0.0834386,19
182,9.6,0.0678823,23
183,9.1,0.0643467,25
184,9.9,0.0700036,24
185,9.6,0.0678823,24
186,9.9,0.0700036,24
187,9.6,0.0678823,24
188,9.9,0.0700036,24
189,9.6,0.0678823,24
190,9.9,0.0700036,24
191,9.6,0.0678823,24
192,9.9,0.0700036,24
193,9.6,0.0678823,24
194,9.9,0.0700036,24
195,9.6,0.0678823,24
196,9.9,0.0700036,24
197,9.6,0.0678823,24
198,9.9,0.0700036,24
199,9.6,0.0678823,24
200,9.9,0.0700036,24
201,9.6,0.0678823,24
202,9.9,0.0700036,24
203,9.6,0.0678823,24
204,9.9,0.0700036,24
205,9.6,0.0678823,24
206,9.9,0.0700036,24
207,9.6,0.0678823,24
208,9.9,0.0700036,24
209,9.6,0.0678823,24
210,9.9,0.0700036,24
211,9.6,0.0678823,24
212,9.9,0.0700036,24
213,9.6,0.0678823,24
214,9.9,0.0700036,24
215,9.6,0.0678823,24
216,9.9,0.0700036,24
217,9.6,0.0678823,24
218,9.9,0.0700036,24
219,9.6,0.0678823,24
220,9.9,0.0700036,24
221,9.6,0.0678823,24
222,9.9,0.0700036,24
223,9.6,0.0678823,24
224,9.9,0.0700036,24
225,9.6,0.0678823,24
226,9.9,0.0700036,24
227,9.1,0.0643467,25
228,9.6,0.0678823,23
229,11.8,0.0834386,19
230,9.6,0.0678823,23
231,9.3,0.0657609,26
232,8,0.0565685,30
233,8.3,0.0586899,27
234,8,0.0565685,29
235,8.3,0.0586899,27
236,8,0.0565685,29
237,8.3,0.0586899,27
238,8,0.0565685,29
239,8.3,0.0586899,27
240,8,0.0565685,29
241,8.3,0.0586899,27
242,8,0.0565685,29
243,8.3,0.0586899,27
244,8,0.0565685,29
245,8.3,0.0586899,27
246,8,0.0565685,29
247,8.3,0.0586899,27
248,8,0.0565685,29
249,8.3,0.0586899,27
250,8,0.0565685,29
251,8.3,0.0586899,27
252,8,0.0565685,29
253,8.3,0.0586899,27
254,8,0.0565685,29
255,8.3,0.0586899,27
256,8,0.0565685,29
257,8.3,0.0586899,27
258,8,0.0565685,29
259,8.3,0.0586899,27
260,8,0.0565685,29
261,8.3,0.0586899,27
262,8,0.0565685,29
263,8.3,0.0586899,27
264,8,0.0565685,29
265,8.3,0.0586899,27
266,8,0.0565685,29
267,8.3,0.0586899,27
268,8,0.0565685,29
269,8.3,0.0586899,27
270,8,0.0565685,29
271,8.3,0.0586899,27
272,8,0.0565685,29
273,8.3,0.0586899,27
274,8,0.0565685,29
275,8.3,0.0586899,27
276,8,0.0565685,30
277,9.3,0.0657609,26
278,9.6,0.0678823,23
279,9.1,0.0643467,25
280,8,0.0565685,30
281,7.2,0.0509117,31
282,7.2,0.0509117,30
283,7.2,0.0509117,30
284,7.2,0.0509117,30
285,7.2,0.0509117,30
286,7.2,0.0509117,30
287,7.2,0.0509117,30
288,7.2,0.0509117,30
289,7.2,0.0509117,30
290,7.2,0.0509117,30
291,7.2,0.0509117,30
292,7.2,0.0509117,30
293,7.2,0.0509117,30
294,7.2,0.0509117,30
295,7.2,0.0509117,30
296,7.2,0.0509117,30
297,7.2,0.0509117,30
298,7.2,0.0509117,30
299,7.2,0.0509117,30
300,7.2,0.0509117,30
301,7.2,0.0509117,30
302,7.2,0.0509117,30
303,7.2,0.0509117,30
304,7.2,0.0509117,30
305,7.2,0.0509117,30
306,7.2,0.0509117,30
307,7.2,0.0509117,30
308,7.2,0.0509117,30
309,7.2,0.0509117,30
310,7.2,0.0509117,30
311,7.2,0.0509117,30
312,7.2,0.0509117,30
313,7.2,0.0509117,30
314,7.2,0.0509117,30
315,7.2,0.0509117,30
316,7.2,0.0509117,30
317,7.2,0.0509117,30
318,7.2,0.0509117,30
319,7.2,0.0509117,30
320,7.2,0.0509117,30
321,7.2,0.0509117,30
322,7.2,0.0509117,30
323,7.2,0.0509117,30
324,7.2,0.0509117,30
325,7.2,0.0509117,31
326,8,0.0565685,30
327,9.1,0.0643467,25
328,9.9,0.0700036,24
329,8.3,0.0586899,27
330,7.2,0.0509117,30
331,7.2,0.0509117,29
332,7.2,0.0509117,29
333,7.2,0.0509117,29
334,7.2,0.0509117,29
335,7.2,0.0509117,29
336,7.2,0.0509117,29
337,7.2,0.0509117,29
338,7.2,0.0509117,29
339,7.2,0.0509117,29
340,7.2,0.0509117,29
341,7.2,0.0509117,29
342,7.2,0.0509117,29
343,7.2,0.0509117,29
344,7.2,0.0509117,29
345,7.2,0.0509117,29
346,7.2,0.0509117,29
347,7.2,0.0509117,29
348,7.2,0.0509117,29
349,7.2,0.0509117,29
350,7.2,0.0509117,29
351,7.2,0.0509117,29
352,7.2,0.0509117,29
353,7.2,0.0509117,29
354,7.2,0.0509117,29
355,7.2,0.0509117,29
356,7.2,0.0509117,29
357,7.2,0.0509117,29
358,7.2,0.0509117,29
359,7.2,0.0509117,29
360,7.2,0.0509117,29
361,7.2,0.0509117,29
362,7.2,0.0509117,29
363,7.2,0.0509117,29
364,7.2,0.0509117,29
365,7.2,0.0509117,29
366,7.2,0.0509117,29
367,7.2,0.0509117,29
368,7.2,0.0509117,29
369,7.2,0.0509117,29
370,7.2,0.0509117,29
371,7.2,0.0509117,29
372,7.2,0.0509117,29
373,7.2,0.0509117,29
374,7.2,0.0509117,30
375,8.3,0.0586899,27
376,9.9,0.0700036,24
377,9.6,0.0678823,24
378,8,0.0565685,29
379,7.2,0.0509117,30
380,7.2,0.0509117,29
381,7.2,0.0509117,29
382,7.2,0.0509117,29
383,7.2,0.0509117,29
384,7.2,0.0509117,29
385,7.2,0.0509117,29
386,7.2,0.0509117,29
387,7.2,0.0509117,29
388,7.2,0.0509117,29
389,7.2,0.0509117,29
390,7.2,0.0509117,29
391,7.2,0.0509117,29
392,7.2,0.0509117,29
393,7.2,0.0509117,29
394,7.2,0.0509117,29
395,7.2,0.0509117,29
396,7.2,0.0509117,29
397,7.2,0.0509117,29
398,7.2,0.0509117,29
399,7.2,0.0509117,29
400,7.2,0.0509117,29
401,7.2,0.0509117,29
402,7.2,0.0509117,29
403,7.2,0.0509117,29
404,7.2,0.0509117,29
405,7.2,0.0509117,29
406,7.2,0.0509117,29
407,7.2,0.0509117,29
408,7.2,0.0509117,29
409,7.2,0.0509117,29
410,7.2,0.0509117,29
411,7.2,0.0509117,29
412,7.2,0.0509117,29
413,7.2,0.0509117,29
414,7.2,0.0509117,29
415,7.2,0.0509117,29
416,7.2,0.0509117,29
417,7.2,0.0509117,29
418,7.2,0.0509117,29
419,7.2,0.0509117,29
420,7.2,0.0509117,29
421,7.2,0.0509117,29
422,7.2,0.0509117,29
423,7.2,0.0509117,30
424,8,0.0565685,29
425,9.6,0.0678823,24
426,9.9,0.0700036,24
427,8.3,0.0586899,27
428,7.2,0.0509117,30
429,7.2,0.0509117,29
430,7.2,0.0509117,29
431,7.2,0.0509117,29
432,7.2,0.0509117,29
433,7.2,0.0509117,29
434,7.2,0.0509117,29
435,7.2,0.0509117,29
436,7.2,0.0509117,29
437,7.2,0.0509117,29
438,7.2,0.0509117,29
439,7.2,0.0509117,29
440,7.2,0.0509117,29
441,7.2,0.0509117,29
442,7.2,0.0509117,29
443,7.2,0.0509117,29
444,7.2,0.0509117,29
445,7.2,0.0509117,29
446,7.2,0.0509117,29
447,7.2,0.0509117,29
448,7.2,0.0509117,29
449,7.2,0.0509117,29
450,7.2,0.0509117,29
451,7.2,0.0509117,29
452,7.2,0.0509117,29
453,7.2,0.0509117,29
454,7.2,0.0509117,29
455,7.2,0.0509117,29
456,7.2,0.0509117,29
457,7.2,0.0509117,29
458,7.2,0.0509117,29
459,7.2,0.0509117,29
460,7.2,0.0509117,29
461,7.2,0.0509117,29
462,7.2,0.0509117,29
463,7.2,0.0509117,29
464,7.2,0.0509117,29
465,7.2,0.0509117,29
466,7.2,0.0509117,29
467,7.2,0.0509117,29
468,7.2,0.0509117,29
469,7.2,0.0509117,29
470,7.2,0.0509117,29
471,7.2,0.0509117,29
472,7.2,0.0509117,30
473,8.3,0.0586899,27
474,9.9,0.0700036,24
475,9.6,0.0678823,24
476,8,0.0565685,29
477,7.2,0.0509117,30
478,7.2,0.0509117,29
479,7.2,0.0509117,29
480,7.2,0.0509117,29
481,7.2,0.0509117,29
482,7.2,0.0509117,29
483,7.2,0.0509117,29
484,7.2,0.0509117,29
485,7.2,0.0509117,29
486,7.2,0.0509117,29
487,7.2,0.0509117,29
488,7.2,0.0509117,29
489,7.2,0.0509117,29
490,7.2,0.0509117,29
491,7.2,0.0509117,29
492,7.2,0.0509117,29
493,7.2,0.0509117,29
494,7.2,0.0509117,29
495,7.2,0.0509117,29
496,7.2,0.0509117,29
497,7.2,0.0509117,29
498,7.2,0.0509117,29
499,7.2,0.0509117,29
500,7.2,0.0509117,29
501,7.2,0.0509117,29
502,7.2,0.0509117,29
503,7.2,0.0509117,29
504,7.2,0.0509117,29
505,7.2,0.0509117,29
506,7.2,0.0509117,29
507,7.2,0.0509117,29
508,7.2,0.0509117,29
509,7.2,0.0509117,29
510,7.2,0.0509117,29
511,7.2,0.0509117,29
512,7.2,0.0509117,29
513,7.2,0.0509117,29
514,7.2,0.0509117,29
515,7.2,0.0509117,29
516,7.2,0.0509117,29
517,7.2,0.0509117,29
518,7.2,0.0509117,29
519,7.2,0.0509117,29
520,7.2,0.0509117,29
521,7.2,0.0509117,30
522,8,0.0565685,29
523,9.6,0.0678823,24
524,9.9,0.0700036,24
525,8.3,0.0586899,27
526,7.2,0.0509117,30
527,7.2,0.0509117,29
528,7.2,0.0509117,29
529,7.2,0.0509117,29
530,7.2,0.0509117,29
531,7.2,0.0509117,29
532,7.2,0.0509117,29
533,7.2,0.0509117,29
534,7.2,0.0509117,29
535,7.2,0.0509117,29
536,7.2,0.0509117,29
537,7.2,0.0509117,29
538,7.2,0.0509117,29
539,7.2,0.0509117,29
540,7.2,0.0509117,29
541,7.2,0.0509117,29
542,7.2,0.0509117,29
543,7.2,0.0509117,29
544,7.2,0.0509117,29
545,7.2,0.0509117,29
546,7.2,0.0509117,29
547,7.2,0.0509117,29
548,7.2,0.0509117,29
549,7.2,0.0509117,29
550,7.2,0.0509117,29
551,7.2,0.0509117,29
552,7.2,0.0509117,29
553,7.2,0.0509117,29
554,7.2,0.0509117,29
555,7.2,0.0509117,29
556,7.2,0.0509117,29
557,7.2,0.0509117,29
558,7.2,0.0509117,29
559,7.2,0.0509117,29
560,7.2,0.0509117,29
561,7.2,0.0509117,29
562,7.2,0.0509117,29
563,7.2,0.0509117,29
564,7.2,0.0509117,29
565,7.2,0.0509117,29
566,7.2,0.0509117,29
567,7.2,0.0509117,29
568,7.2,0.0509117,29
569,7.2,0.0509117,29
570,7.2,0.0509117,30
571,8.3,0.0586899,27
572,9.9,0.0700036,24
573,9.6,0.0678823,24
574,8,0.0565685,29
575,7.2,0.0509117,30
576,7.2,0.0509117,29
577,7.2,0.0509117,29
578,7.2,0.0509117,29
579,7.2,0.0509117,29
580,7.2,0.0509117,29
581,7.2,0.0509117,29
582,7.2,0.0509117,29
583,7.2,0.0509117,29
584,7.2,0.0509117,29
585,7.2,0.0509117,29
586,7.2,0.0509117,29
587,7.2,0.0509117,29
588,7.2,0.0509117,29
589,7.2,0.0509117,29
590,7.2,0.0509117,29
591,7.2,0.0509117,29
592,7.2,0.0509117,29
593,7.2,0.0509117,29
594,7.2,0.0509117,29
595,7.2,0.0509117,29
596,7.2,0.0509117,29
597,7.2,0.0509117,29
598,7.2,0.0509117,29
599,7.2,0.0509117,29
600,7.2,0.0509117,29
601,7.2,0.0509117,29
602,7.2,0.0509117,29
603,7.2,0.0509117,29
604,7.2,0.0509117,29
605,7.2,0.0509117,29
606,7.2,0.0509117,29
607,7.2,0.0509117,29
608,7.2,0.0509117,29
609,7.2,0.0509117,29
610,7.2,0.0509117,29
611,7.2,0.0509117,29
612,7.2,0.0509117,29
613,7.2,0.0509117,29
614,7.2,0.0509117,29
615,7.2,0.0509117,29
616,7.2,0.0509117,29
617,7.2,0.0509117,29
618,7.2,0.0509117,29
619,7.2,0.0509117,30
620,8,0.0565685,29
621,9.6,0.0678823,24
622,9.9,0.0700036,24
623,8.3,0.0586899,27
624,7.2,0.0509117,30
625,7.2,0.0509117,29
626,7.2,0.0509117,29
627,7.2,0.0509117,29
628,7.2,0.0509117,29
629,7.2,0.0509117,29
630,7.2,0.0509117,29
631,7.2,0.0509117,29
632,7.2,0.0509117,29
633,7.2,0.0509117,29
634,7.2,0.0509117,29
635,7.2,0.0509117,29
636,7.2,0.0509117,29
637,7.2,0.0509117,29
638,7.2,0.0509117,29
639,7.2,0.0509117,29
640,7.2,0.0509117,29
641,7.2,0.0509117,29
642,7.2,0.0509117,29
643,7.2,0.0509117,29
644,7.2,0.0509117,29
645,7.2,0.0509117,29
646,7.2,0.0509117,29
647,7.2,0.0509117,29
648,7.2,0.0509117,29
649,7.2,0.0509117,29
650,7.2,0.0509117,29
651,7.2,0.0509117,29
652,7.2,0.0509117,29
653,7.2,0.0509117,29
654,7.2,0.0509117,29
655,7.2,0.0509117,29
656,7.2,0.0509117,29
657,7.2,0.0509117,29
658,7.2,0.0509117,29
659,7.2,0.0509117,29
660,7.2,0.0509117,29
661,7.2,0.0509117,29
662,7.2,0.0509117,29
663,7.2,0.0509117,29
664,7.2,0.0509117,29
665,7.2,0.0509117,29
666,7.2,0.0509117,29
667,7.2,0.0509117,29
668,7.2,0.0509117,30
669,8.3,0.0586899,27
670,9.9,0.0700036,24
671,9.6,0.0678823,24
672,8,0.0565685,29
673,7.2,0.0509117,30
674,7.2,0.0509117,29
675,7.2,0.0509117,29
676,7.2,0.0509117,29
677,7.2,0.0509117,29
678,7.2,0.0509117,29
679,7.2,0.0509117,29
680,7.2,0.0509117,29
681,7.2,0.0509117,29
682,7.2,0.0509117,29
683,7.2,0.0509117,29
684,7.2,0.0509117,29
685,7.2,0.0509117,29
686,7.2,0.0509117,29
687,7.2,0.0509117,29
688,7.2,0.0509117,29
689,7.2,0.0509117,29
690,7.2,0.0509117,29
691,7.2,0.0509117,29
692,7.2,0.0509117,29
693,7.2,0.0509117,29
694,7.2,0.0509117,29
695,7.2,0.0509117,29
696,7.2,0.0509117,29
697,7.2,0.0509117,29
698,7.2,0.0509117,29
699,7.2,0.0509117,29
700,7.2,0.0509117,29
701,7.2,0.0509117,29
702,7.2,0.0509117,29
703,7.2,0.0509117,29
704,7.2,0.0509117,29
705,7.2,0.0509117,29
706,7.2,0.0509117,29
707,7.2,0.0509117,29
708,7.2,0.0509117,29
709,7.2,0.0509117,29
710,7.2,0.0509117,29
711,7.2,0.0509117,29
712,7.2,0.0509117,29
713,7.2,0.0509117,29
714,7.2,0.0509117,29
715,7.2,0.0509117,29
716,7.2,0.0509117,29
717,7.2,0.0509117,30
718,8,0.0565685,29
719,9.6,0.0678823,24
720,9.9,0.0700036,24
721,8.3,0.0586899,27
722,7.2,0.0509117,30
723,7.2,0.0509117,29
724,7.2,0.0509117,29
725,7.2,0.0509117,29
726,7.2,0.0509117,29
727,7.2,0.0509117,29
728,7.2,0.0509117,29
729,7.2,0.0509117,29
730,7.2,0.0509117,29
731,7.2,0.0509117,29
732,7.2,0.0509117,29
733,7.2,0.0509117,29
734,7.2,0.0509117,29
735,7.2,0.0509117,29
736,7.2,0.0509117,29
737,7.2,0.0509117,29
738,7.2,0.0509117,29
739,7.2,0.0509117,29
740,7.2,0.0509117,29
741,7.2,0.0509117,29
742,7.2,0.0509117,29
743,7.2,0.0509117,29
744,7.2,0.0509117,29
745,7.2,0.0509117,29
746,7.2,0.0509117,29
747,7.2,0.0509117,29
748,7.2,0.0509117,29
749,7.2,0.0509117,29
750,7.2,0.0509117,29
751,7.2,0.0509117,29
752,7.2,0.0509117,29
753,7.2,0.0509117,29
754,7.2,0.0509117,29
755,7.2,0.0509117,29
756,7.2,0.0509117,29
757,7.2,0.0509117,29
758,7.2,0.0509117,29
759,7.2,0.0509117,29
760,7.2,0.0509117,29
761,7.2,0.0509117,29
762,7.2,0.0509117,29
763,7.2,0.0509117,29
764,7.2,0.0509117,29
765,7.2,0.0509117,29
766,7.2,0.0509117,30
767,8.3,0.0586899,27
768,9.9,0.0700036,24
769,9.6,0.0678823,24
770,8,0.0565685,29
771,7.2,0.0509117,30
772,7.2,0.0509117,29
773,7.2,0.0509117,29
774,7.2,0.0509117,29
775,7.2,0.0509117,29
776,7.2,0.0509117,29
777,7.2,0.0509117,29
778,7.2,0.0509117,29
779,7.2,0.0509117,29
780,7.2,0.0509117,29
781,7.2,0.0509117,29
782,7.2,0.0509117,29
783,7.2,0.0509117,29
784,7.2,0.0509117,29
785,7.2,0.0509117,29
786,7.2,0.0509117,29
787,7.2,0.0509117,29
788,7.2,0.0509117,29
789,7.2,0.0509117,29
790,7.2,0.0509117,29
791,7.2,0.0509117,29
792,7.2,0.0509117,29
793,7.2,0.0509117,29
794,7.2,0.0509117,29
795,7.2,0.0509117,29
796,7.2,0.0509117,29
797,7.2,0.0509117,29
798,7.2,0.0509117,29
799,7.2,0.0509117,29
800,7.2,0.0509117,29
801,7.2,0.0509117,29
802,7.2,0.0509117,29
803,7.2,0.0509117,29
804,7.2,0.0509117,29
805,7.2,0.0509117,29
806,7.2,0.0509117,29
807,7.2,0.0509117,29
808,7.2,0.0509117,29
809,7.2,0.0509117,29
810,7.2,0.0509117,29
811,7.2,0.0509117,29
812,7.2,0.0509117,29
813,7.2,0.0509117,29
814,7.2,0.0509117,29
815,7.2,0.0509117,30
816,8,0.0565685,29
817,9.6,0.0678823,24
818,9.9,0.0700036,24
819,8.3,0.0586899,27
820,7.2,0.0509117,30
821,7.2,0.0509117,29
822,7.2,0.0509117,29
823,7.2,0.0509117,29
824,7.2,0.0509117,29
825,7.2,0.0509117,29
826,7.2,0.0509117,29
827,7.2,0.0509117,29
828,7.2,0.0509117,29
829,7.2,0.0509117,29
830,7.2,0.0509117,29
831,7.2,0.0509117,29
832,7.2,0.0509117,29
833,7.2,0.0509117,29
834,7.2,0.0509117,29
835,7.2,0.0509117,29
836,7.2,0.0509117,29
837,7.2,0.0509117,29
838,7.2,0.0509117,29
839,7.2,0.0509117,29
840,7.2,0.0509117,29
841,7.2,0.0509117,29
842,7.2,0.0509117,29
843,7.2,0.0509117,29
844,7.2,0.0509117,29
845,7.2,0.0509117,29
846,7.2,0.0509117,29
847,7.2,0.0509117,29
848,7.2,0.0509117,29
849,7.2,0.0509117,29
850,7.2,0.0509117,29
851,7.2,0.0509117,29
852,7.2,0.0509117,29
853,7.2,0.0509117,29
854,7.2,0.0509117,29
855,7.2,0.0509117,29
856,7.2,0.0509117,29
857,7.2,0.0509117,29
858,7.2,0.0509117,29
859,7.2,0.0509117,29
860,7.2,0.0509117,29
861,7.2,0.0509117,29
862,7.2,0.0509117,29
863,7.2,0.0509117,29
864,7.2,0.0509117,30
865,8.3,0.0586899,27
866,9.9,0.0700036,24
867,9.6,0.0678823,24
868,8,0.0565685,29
869,7.2,0.0509117,30
870,7.2,0.0509117,29
871,7.2,0.0509117,29
872,7.2,0.0509117,29
873,7.2,0.0509117,29
874,7.2,0.0509117,29
875,7.2,0.0509117,29
876,7.2,0.0509117,29
877,7.2,0.0509117,29
878,7.2,0.0509117,29
879,7.2,0.0509117,29
880,7.2,0.0509117,29
881,7.2,0.0509117,29
882,7.2,0.0509117,29
883,7.2,0.0509117,29
884,7.2,0.0509117,29
885,7.2,0.0509117,29
886,7.2,0.0509117,29
887,7.2,0.0509117,29
888,7.2,0.0509117,29
889,7.2,0.0509117,29
890,7.2,0.0509117,29
891,7.2,0.0509117,29
892,7.2,0.0509117,29
893,7.2,0.0509117,29
894,7.2,0.0509117,29
895,7.2,0.0509117,29
896,7.2,0.0509117,29
897,7.2,0.0509117,29
898,7.2,0.0509117,29
899,7.2,0.0509117,29
900,7.2,0.0509117,29
901,7.2,0.0509117,29
902,7.2,0.0509117,29
903,7.2,0.0509117,29
904,7.2,0.0509117,29
905,7.2,0.0509117,29
906,7.2,0.0509117,29
907,7.2,0.0509117,29
908,7.2,0.0509117,29
909,7.2,0.0509117,29
910,7.2,0.0509117,29
911,7.2,0.0509117,29
912,7.2,0.0509117,29
913,7.2,0.0509117,30
914,8,0.0565685,29
915,9.6,0.0678823,24
916,9.9,0.0700036,24
917,8.3,0.0586899,27
918,7.2,0.0509117,30
919,7.2,0.0509117,29
920,7.2,0.0509117,29
921,7.2,0.0509117,29
922,7.2,0.0509117,29
923,7.2,0.0509117,29
924,7.2,0.0509117,29
925,7.2,0.0509117,29
926,7.2,0.0509117,29
927,7.2,0.0509117,29
928,7.2,0.0509117,29
929,7.2,0.0509117,29
930,7.2,0.0509117,29
931,7.2,0.0509117,29
932,7.2,0.0509117,29
933,7.2,0.0509117,29
934,7.2,0.0509117,29
935,7.2,0.0509117,29
936,7.2,0.0509117,29
937,7.2,0.0509117,29
938,7.2,0.0509117,29
939,7.2,0.0509117,29
940,7.2,0.0509117,29
941,7.2,0.0509117,29
942,7.2,0.0509117,29
943,7.2,0.0509117,29
944,7.2,0.0509117,29
945,7.2,0.0509117,29
946,7.2,0.0509117,29
947,7.2,0.0509117,29
948,7.2,0.0509117,29
949,7.2,0.0509117,29
950,7.2,0.0509117,29
951,7.2,0.0509117,29
952,7.2,0.0509117,29
953,7.2,0.0509117,29
954,7.2,0.0509117,29
955,7.2,0.0509117,29
956,7.2,0.0509117,29
957,7.2,0.0509117,29
958,7.2,0.0509117,29
959,7.2,0.0509117,29
960,7.2,0.0509117,29
961,7.2,0.0509117,29
962,7.2,0.0509117,30
963,8.3,0.0586899,27
964,9.9,0.0700036,24
965,9.6,0.0678823,24
966,8,0.0565685,29
967,7.2,0.0509117,30
968,7.2,0.0509117,29
969,7.2,0.0509117,29
970,7.2,0.0509117,29
971,7.2,0.0509117,29
972,7.2,0.0509117,29
973,7.2,0.0509117,29
974,7.2,0.0509117,29
975,7.2,0.0509117,29
976,7.2,0.0509117,29
977,7.2,0.0509117,29
978,7.2,0.0509117,29
979,7.2,0.0509117,29
980,7.2,0.0509117,29
981,7.2,0.0509117,29
982,7.2,0.0509117,29
983,7.2,0.0509117,29
984,7.2,0.0509117,29
985,7.2,0.0509117,29
986,7.2,0.0509117,29
987,7.2,0.0509117,29
988,7.2,0.0509117,29
989,7.2,0.0509117,29
990,7.2,0.0509117,29
991,7.2,0.0509117,29
992,7.2,0.0509117,29
993,7.2,0.0509117,29
994,7.2,0.0509117,29
995,7.2,0.0509117,29
996,7.2,0.0509117,29
997,7.2,0.0509117,29
998,7.2,0.0509117,29
999,7.2,0.0509117,29
1000,7.2,0.0509117,29
1001,7.2,0.0509117,29
1002,7.2,0.0509117,29
1003,7.2,0.0509117,29
1004,7.2,0.0509117,29
1005,7.2,0.0509117,29
1006,7.2,0.0509117,29
1007,7.2,0.0509117,29
1008,7.2,0.0509117,29
1009,7.2,0.0509117,29
1010,7.2,0.0509117,29
1011,7.2,0.0509117,30
1012,8,0.0565685,29
1013,9.6,0.0678823,24
1014,9.9,0.0700036,24
1015,8.3,0.0586899,27
1016,7.2,0.0509117,30
1017,7.2,0.0509117,29
1018,7.2,0.0509117,29
1019,7.2,0.0509117,29
1020,7.2,0.0509117,29
1021,7.2,0.0509117,29
1022,7.2,0.0509117,29
1023,7.2,0.0509117,29
1024,7.2,0.0509117,29
1025,7.2,0.0509117,29
1026,7.2,0.0509117,29
1027,7.2,0.0509117,29
1028,7.2,0.0509117,29
1029,7.2,0.0509117,29
1030,7.2,0.0509117,29
1031,7.2,0.0509117,29
1032,7.2,0.0509117,29
1033,7.2,0.0509117,29
1034,7.2,0.0509117,29
1035,7.2,0.0509117,29
1036,7.2,0.0509117,29
1037,7.2,0.0509117,29
1038,7.2,0.0509117,29
1039,7.2,0.0509117,29
1040,7.2,0.0509117,29
1041,7.2,0.0509117,29
1042,7.2,0.0509117,29
1043,7.2,0.0509117,29
1044,7.2,0.0509117,29
1045,7.2,0.0509117,29
1046,7.2,0.0509117,29
1047,7.2,0.0509117,29
1048,7.2,0.0509117,29
1049,7.2,0.0509117,29
1050,7.2,0.0509117,29
1051,7.2,0.0509117,29
1052,7.2,0.0509117,29
1053,7.2,0.0509117,29
1054,7.2,0.0509117,29
1055,7.2,0.0509117,29
1056,7.2,0.0509117,29
1057,7.2,0.0509117,29
1058,7.2,0.0509117,29
1059,7.2,0.0509117,29
1060,7.2,0.0509117,30
1061,8.3,0.0586899,27
1062,9.9,0.0700036,24
1063,9.6,0.0678823,24
1064,8,0.0565685,29
1065,7.2,0.0509117,30
1066,7.2,0.0509117,29
1067,7.2,0.0509117,29
1068,7.2,0.0509117,29
1069,7.2,0.0509117,29
1070,7.2,0.0509117,29
1071,7.2,0.0509117,29
1072,7.2,0.0509117,29
1073,7.2,0.0509117,29
1074,7.2,0.0509117,29
1075,7.2,0.0509117,29
1076,7.2,0.0509117,29
1077,7.2,0.0509117,29
1078,7.2,0.0509117,29
1079,7.2,0.0509117,29
1080,7.2,0.0509117,29
1081,7.2,0.0509117,29
1082,7.2,0.0509117,29
1083,7.2,0.0509117,29
1084,7.2,0.0509117,29
1085,7.2,0.0509117,29
1086,7.2,0.0509117,29
1087,7.2,0.0509117,29
1088,7.2,0.0509117,29
1089,7.2,0.0509117,29
1090,7.2,0.0509117,29
1091,7.2,0.0509117,29
1092,7.2,0.0509117,29
1093,7.2,0.0509117,29
1094,7.2,0.0509117,29
1095,7.2,0.0509117,29
1096,7.2,0.0509117,29
1097,7.2,0.0509117,29
1098,7.2,0.0509117,29
1099,7.2,0.0509117,29
1100,7.2,0.0509117,29
1101,7.2,0.0509117,29
1102,7.2,0.0509117,29
1103,7.2,0.0509117,29
1104,7.2,0.0509117,29
1105,7.2,0.0509117,29
1106,7.2,0.0509117,29
1107,7.2,0.0509117,29
1108,7.2,0.0509117,29
1109,7.2,0.0509117,30
1110,8,0.0565685,29
1111,9.6,0.0678823,24
1112,9.9,0.0700036,24
1113,8.3,0.0586899,27
1114,7.2,0.0509117,30
1115,7.2,0.0509117,29
1116,7.2,0.0509117,29
1117,7.2,0.0509117,29
1118,7.2,0.0509117,29
1119,7.2,0.0509117,29
1120,7.2,0.0509117,29
1121,7.2,0.0509117,29
1122,7.2,0.0509117,29
1123,7.2,0.0509117,29
1124,7.2,0.0509117,29
1125,7.2,0.0509117,29
1126,7.2,0.0509117,29
1127,7.2,0.0509117,29
1128,7.2,0.0509117,29
1129,7.2,0.0509117,29
1130,7.2,0.0509117,29
1131,7.2,0.0509117,29
1132,7.2,0.0509117,29
1133,7.2,0.0509117,29
1134,7.2,0.0509117,29
1135,7.2,0.0509117,29
1136,7.2,0.0509117,29
1137,7.2,0.0509117,29
1138,7.2,0.0509117,29
1139,7.2,0.0509117,29
1140,7.2,0.0509117,29
1141,7.2,0.0509117,29
1142,7.2,0.0509117,29
1143,7.2,0.0509117,29
1144,7.2,0.0509117,29
1145,7.2,0.0509117,29
1146,7.2,0.0509117,29
1147,7.2,0.0509117,29
1148,7.2,0.0509117,29
1149,7.2,0.0509117,29
1150,7.2,0.0509117,29
1151,7.2,0.0509117,29
1152,7.2,0.0509117,29
1153,7.2,0.0509117,29
1154,7.2,0.0509117,29
1155,7.2,0.0509117,29
1156,7.2,0.0509117,29
1157,7.2,0.0509117,29
1158,7.2,0.0509117,30
1159,8.3,0.0586899,27
1160,9.9,0.0700036,24
1161,9.6,0.0678823,24
1162,8,0.0565685,29
1163,7.2,0.0509117,30
1164,7.2,0.0509117,29
1165,7.2,0.0509117,29
1166,7.2,0.0509117,29
1167,7.2,0.0509117,29
1168,7.2,0.0509117,29
1169,7.2,0.0509117,29
1170,7.2,0.0509117,29
1171,7.2,0.0509117,29
1172,7.2,0.0509117,29
1173,7.2,0.0509117,29
1174,7.2,0.0509117,29
1175,7.2,0.0509117,29
1176,7.2,0.0509117,29
1177,7.2,0.0509117,29
1178,7.2,0.0509117,29
1179,7.2,0.0509117,29
1180,7.2,0.0509117,29
1181,7.2,0.0509117,29
1182,7.2,0.0509117,29
1183,7.2,0.0509117,29
1184,7.2,0.0509117,29
1185,7.2,0.0509117,29
1186,7.2,0.0509117,29
1187,7.2,0.0509117,29
1188,7.2,0.0509117,29
1189,7.2,0.0509117,29
1190,7.2,0.0509117,29
1191,7.2,0.0509117,29
1192,7.2,0.0509117,29
1193,7.2,0.0509117,29
1194,7.2,0.0509117,29
1195,7.2,0.0509117,29
1196,7.2,0.0509117,29
1197,7.2,0.0509117,29
1198,7.2,0.0509117,29
1199,7.2,0.0509117,29
1200,7.2,0.0509117,29
1201,7.2,0.0509117,29
1202,7.2,0.0509117,29
1203,7.2,0.0509117,29
1204,7.2,0.0509117,29
1205,7.2,0.0509117,29
1206,7.2,0.0509117,29
1207,7.2,0.0509117,30
1208,8,0.0565685,29
1209,9.6,0.0678823,24
1210,9.9,0.0700036,24
1211,8.3,0.0586899,27
1212,7.2,0.0509117,30
1213,7.2,0.0509117,29
1214,7.2,0.0509117,29
1215,7.2,0.0509117,29
1216,7.2,0.0509117,29
1217,7.2,0.0509117,29
1218,7.2,0.0509117,29
1219,7.2,0.0509117,29
1220,7.2,0.0509117,29
1221,7.2,0.0509117,29
1222,7.2,0.0509117,29
1223,7.2,0.0509117,29
1224,7.2,0.0509117,29
1225,7.2,0.0509117,29
1226,7.2,0.0509117,29
1227,7.2,0.0509117,29
1228,7.2,0.0509117,29
1229,7.2,0.0509117,29
1230,7.2,0.0509117,29
1231,7.2,0.0509117,29
1232,7.2,0.0509117,29
1233,7.2,0.0509117,29
1234,7.2,0.0509117,29
1235,7.2,0.0509117,29
1236,7.2,0.0509117,29
1237,7.2,0.0509117,29
1238,7.2,0.0509117,29
1239,7.2,0.0509117,29
1240,7.2,0.0509117,29
1241,7.2,0.0509117,29
1242,7.2,0.0509117,29
1243,7.2,0.0509117,29
1244,7.2,0.0509117,29
1245,7.2,0.0509117,29
1246,7.2,0.0509117,29
1247,7.2,0.0509117,29
1248,7.2,0.0509117,29
1249,7.2,0.0509117,29
1250,7.2,0.0509117,29
1251,7.2,0.0509117,29
1252,7.2,0.0509117,29
1253,7.2,0.0509117,29
1254,7.2,0.0509117,29
1255,7.2,0.0509117,29
1256,7.2,0.0509117,30
1257,8.3,0.0586899,27
1258,9.9,0.0700036,24
1259,9.6,0.0678823,24
1260,8,0.0565685,29
1261,7.2,0.0509117,30
1262,7.2,0.0509117,29
1263,7.2,0.0509117,29
1264,7.2,0.0509117,29
1265,7.2,0.0509117,29
1266,7.2,0.0509117,29
1267,7.2,0.0509117,29
1268,7.2,0.0509117,29
1269,7.2,0.0509117,29
1270,7.2,0.0509117,29
1271,7.2,0.0509117,29
1272,7.2,0.0509117,29
1273,7.2,0.0509117,29
1274,7.2,0.0509117,29
1275,7.2,0.0509117,29
1276,7.2,0.0509117,29
1277,7.2,0.0509117,29
1278,7.2,0.0509117,29
1279,7.2,0.0509117,29
1280,7.2,0.0509117,29
1281,7.2,0.0509117,29
1282,7.2,0.0509117,29
1283,7.2,0.0509117,29
1284,7.2,0.0509117,29
1285,7.2,0.0509117,29
1286,7.2,0.0509117,29
1287,7.2,0.0509117,29
1288,7.2,0.0509117,29
1289,7.2,0.0509117,29
1290,7.2,0.0509117,29
1291,7.2,0.0509117,29
1292,7.2,0.0509117,29
1293,7.2,0.0509117,29
1294,7.2,0.0509117,29
1295,7.2,0.0509117,29
1296,7.2,0.0509117,29
1297,7.2,0.0509117,29
1298,7.2,0.0509117,29
1299,7.2,0.0509117,29
1300,7.2,0.0509117,29
1301,7.2,0.0509117,29
1302,7.2,0.0509117,29
1303,7.2,0.0509117,29
1304,7.2,0.0509117,29
1305,7.2,0.0509117,30
1306,8,0.0565685,29
1307,9.6,0.0678823,24
1308,9.9,0.0700036,24
1309,8.3,0.0586899,27
1310,7.2,0.0509117,30
1311,7.2,0.0509117,29
1312,7.2,0.0509117,29
1313,7.2,0.0509117,29
1314,7.2,0.0509117,29
1315,7.2,0.0509117,29
1316,7.2,0.0509117,29
1317,7.2,0.0509117,29
1318,7.2,0.0509117,29
1319,7.2,0.0509117,29
1320,7.2,0.0509117,29
1321,7.2,0.0509117,29
1322,7.2,0.0509117,29
1323,7.2,0.0509117,29
1324,7.2,0.0509117,29
1325,7.2,0.0509117,29
1326,7.2,0.0509117,29
1327,7.2,0.0509117,29
1328,7.2,0.0509117,29
1329,7.2,0.0509117,29
1330,7.2,0.0509117,29
1331,7.2,0.0509117,29
1332,7.2,0.0509117,29
1333,7.2,0.0509117,29
1334,7.2,0.0509117,29
1335,7.2,0.0509117,29
1336,7.2,0.0509117,29
1337,7.2,0.0509117,29
1338,7.2,0.0509117,29
1339,7.2,0.0509117,29
1340,7.2,0.0509117,29
1341,7.2,0.0509117,29
1342,7.2,0.0509117,29
1343,7.2,0.0509117,29
1344,7.2,0.0509117,29
1345,7.2,0.0509117,29
1346,7.2,0.0509117,29
1347,7.2,0.0509117,29
1348,7.2,0.0509117,29
1349,7.2,0.0509117,29
1350,7.2,0.0509117,29
1351,7.2,0.0509117,29
1352,7.2,0.0509117,29
1353,7.2,0.0509117,29
1354,7.2,0.0509117,30
1355,8.3,0.0586899,27
1356,9.9,0.0700036,24
1357,9.6,0.0678823,24
1358,8,0.0565685,29
1359,7.2,0.0509117,30
1360,7.2,0.0509117,29
1361,7.2,0.0509117,29
1362,7.2,0.0509117,29
1363,7.2,0.0509117,29
1364,7.2,0.0509117,29
1365,7.2,0.0509117,29
1366,7.2,0.0509117,29
1367,7.2,0.0509117,29
1368,7.2,0.0509117,29
1369,7.2,0.0509117,29
1370,7.2,0.0509117,29
1371,7.2,0.0509117,29
1372,7.2,0.0509117,29
1373,7.2,0.0509117,29
1374,7.2,0.0509117,29
1375,7.2,0.0509117,29
1376,7.2,0.0509117,29
1377,7.2,0.0509117,29
1378,7.2,0.0509117,29
1379,7.2,0.0509117,29
1380,7.2,0.0509117,29
1381,7.2,0.0509117,29
1382,7.2,0.0509117,29
1383,7.2,0.0509117,29
1384,7.2,0.0509117,29
1385,7.2,0.0509117,29
1386,7.2,0.0509117,29
1387,7.2,0.0509117,29
1388,7.2,0.0509117,29
1389,7.2,0.0509117,29
1390,7.2,0.0509117,29
1391,7.2,0.0509117,29
1392,7.2,0.0509117,29
1393,7.2,0.0509117,29
1394,7.2,0.0509117,29
1395,7.2,0.0509117,29
1396,7.2,0.0509117,29
1397,7.2,0.0509117,29
1398,7.2,0.0509117,29
1399,7.2,0.0509117,29
1400,7.2,0.0509117,29
1401,7.2,0.0509117,29
1402,7.2,0.0509117,29
1403,7.2,0.0509117,30
1404,8,0.0565685,29
1405,9.6,0.0678823,24
1406,9.9,0.0700036,24
1407,8.3,0.0586899,27
1408,7.2,0.0509117,30
1409,7.2,0.0509117,29
1410,7.2,0.0509117,29
1411,7.2,0.0509117,29
1412,7.2,0.0509117,29
1413,7.2,0.0509117,29
1414,7.2,0.0509117,29
1415,7.2,0.0509117,29
1416,7.2,0.0509117,29
1417,7.2,0.0509117,29
1418,7.2,0.0509117,29
1419,7.2,0.0509117,29
1420,7.2,0.0509117,29
1421,7.2,0.0509117,29
1422,7.2,0.0509117,29
1423,7.2,0.0509117,29
1424,7.2,0.0509117,29
1425,7.2,0.0509117,29
1426,7.2,0.0509117,29
1427,7.2,0.0509117,29
1428,7.2,0.0509117,29
1429,7.2,0.0509117,29
1430,7.2,0.0509117,29
1431,7.2,0.0509117,29
1432,7.2,0.0509117,29
1433,7.2,0.0509117,29
1434,7.2,0.0509117,29
1435,7.2,0.0509117,29
1436,7.2,0.0509117,29
1437,7.2,0.0509117,29
1438,7.2,0.0509117,29
1439,7.2,0.0509117,29
1440,7.2,0.0509117,29
1441,7.2,0.0509117,29
1442,7.2,0.0509117,29
1443,7.2,0.0509117,29
1444,7.2,0.0509117,29
1445,7.2,0.0509117,29
1446,7.2,0.0509117,29
1447,7.2,0.0509117,29
1448,7.2,0.0509117,29
1449,7.2,0.0509117,29
1450,7.2,0.0509117,29
1451,7.2,0.0509117,29
1452,7.2,0.0509117,30
1453,8.3,0.0586899,27
1454,9.9,0.0700036,24
1455,9.6,0.0678823,24
1456,8,0.0565685,29
1457,7.2,0.0509117,30
1458,7.2,0.0509117,29
1459,7.2,0.0509117,29
1460,7.2,0.0509117,29
1461,7.2,0.0509117,29
1462,7.2,0.0509117,29
1463,7.2,0.0509117,29
1464,7.2,0.0509117,29
1465,7.2,0.0509117,29
1466,7.2,0.0509117,29
1467,7.2,0.0509117,29
1468,7.2,0.0509117,29
1469,7.2,0.0509117,29
1470,7.2,0.0509117,29
1471,7.2,0.0509117,29
1472,7.2,0.0509117,29
1473,7.2,0.0509117,29
1474,7.2,0.0509117,29
1475,7.2,0.0509117,29
1476,7.2,0.0509117,29
1477,7.2,0.0509117,29
1478,7.2,0.0509117,29
1479,7.2,0.0509117,29
1480,7.2,0.0509117,29
1481,7.2,0.0509117,29
1482,7.2,0.0509117,29
1483,7.2,0.0509117,29
1484,7.2,0.0509117,29
1485,7.2,0.0509117,29
1486,7.2,0.0509117,29
1487,7.2,0.0509117,29
1488,7.2,0.0509117,29
1489,7.2,0.0509117,29
1490,7.2,0.0509117,29
1491,7.2,0.0509117,29
1492,7.2,0.0509117,29
1493,7.2,0.0509117,29
1494,7.2,0.0509117,29
1495,7.2,0.0509117,29
1496,7.2,0.0509117,29
1497,7.2,0.0509117,29
1498,7.2,0.0509117,29
1499,7.2,0.0509117,29
1500,7.2,0.0509117,29
1501,7.2,0.0509117,30
1502,8,0.0565685,29
1503,9.6,0.0678823,24
1504,9.9,0.0700036,24
1505,8.3,0.0586899,27
1506,7.2,0.0509117,30
1507,7.2,0.0509117,29
1508,7.2,0.0509117,29
1509,7.2,0.0509117,29
1510,7.2,0.0509117,29
1511,7.2,0.0509117,29
1512,7.2,0.0509117,29
1513,7.2,0.0509117,29
1514,7.2,0.0509117,29
1515,7.2,0.0509117,29
1516,7.2,0.0509117,29
1517,7.2,0.0509117,29
1518,7.2,0.0509117,29
1519,7.2,0.0509117,29
1520,7.2,0.0509117,29
1521,7.2,0.0509117,29
1522,7.2,0.0509117,29
1523,7.2,0.0509117,29
1524,7.2,0.0509117,29
1525,7.2,0.0509117,29
1526,7.2,0.0509117,29
1527,7.2,0.0509117,29
1528,7.2,0.0509117,29
1529,7.2,0.0509117,29
1530,7.2,0.0509117,29
1531,7.2,0.0509117,29
1532,7.2,0.0509117,29
1533,7.2,0.0509117,29
1534,7.2,0.0509117,29
1535,7.2,0.0509117,29
1536,7.2,0.0509117,29
1537,7.2,0.0509117,29
1538,7.2,0.0509117,29
1539,7.2,0.0509117,29
1540,7.2,0.0509117,29
1541,7.2,0.0509117,29
1542,7.2,0.0509117,29
1543,7.2,0.0509117,29
1544,7.2,0.0509117,29
1545,7.2,0.0509117,29
1546,7.2,0.0509117,29
1547,7.2,0.0509117,29
1548,7.2,0.0509117,29
1549,7.2,0.0509117,29
1550,7.2,0.0509117,30
1551,8.3,0.0586899,27
1552,9.9,0.0700036,24
1553,9.6,0.0678823,24
1554,8,0.0565685,29
1555,7.2,0.0509117,30
1556,7.2,0.0509117,29
1557,7.2,0.0509117,29
1558,7.2,0.0509117,29
1559,7.2,0.0509117,29
1560,7.2,0.0509117,29
1561,7.2,0.0509117,29
1562,7.2,0.0509117,29
1563,7.2,0.0509117,29
1564,7.2,0.0509117,29
1565,7.2,0.0509117,29
1566,7.2,0.0509117,29
1567,7.2,0.0509117,29
1568,7.2,0.0509117,29
1569,7.2,0.0509117,29
1570,7.2,0.0509117,29
1571,7.2,0.0509117,29
1572,7.2,0.0509117,29
1573,7.2,0.0509117,29
1574,7.2,0.0509117,29
1575,7.2,0.0509117,29
1576,7.2,0.0509117,29
1577,7.2,0.0509117,29
1578,7.2,0.0509117,29
1579,7.2,0.0509117,29
1580,7.2,0.0509117,29
1581,7.2,0.0509117,29
1582,7.2,0.0509117,29
1583,7.2,0.0509117,29
1584,7.2,0.0509117,29
1585,7.2,0.0509117,29
1586,7.2,0.0509117,29
1587,7.2,0.0509117,29
1588,7.2,0.0509117,29
1589,7.2,0.0509117,29
1590,7.2,0.0509117,29
1591,7.2,0.0509117,29
1592,7.2,0.0509117,29
1593,7.2,0.0509117,29
1594,7.2,0.0509117,29
1595,7.2,0.0509117,29
1596,7.2,0.0509117,29
1597,7.2,0.0509117,29
1598,7.2,0.0509117,29
1599,7.2,0.0509117,30
1600,8,0.0565685,29
1601,9.6,0.0678823,24
1602,9.9,0.0700036,24
1603,8.3,0.0586899,27
1604,7.2,0.0509117,30
1605,7.2,0.0509117,29
1606,7.2,0.0509117,29
1607,7.2,0.0509117,29
1608,7.2,0.0509117,29
1609,7.2,0.0509117,29
1610,7.2,0.0509117,29
1611,7.2,0.0509117,29
1612,7.2,0.0509117,29
1613,7.2,0.0509117,29
1614,7.2,0.0509117,29
1615,7.2,0.0509117,29
1616,7.2,0.0509117,29
1617,7.2,0.0509117,29
1618,7.2,0.0509117,29
1619,7.2,0.0509117,29
1620,7.2,0.0509117,29
1621,7.2,0.0509117,29
1622,7.2,0.0509117,29
1623,7.2,0.0509117,29
1624,7.2,0.0509117,29
1625,7.2,0.0509117,29
1626,7.2,0.0509117,29
1627,7.2,0.0509117,29
1628,7.2,0.0509117,29
1629,7.2,0.0509117,29
1630,7.2,0.0509117,29
1631,7.2,0.0509117,29
1632,7.2,0.0509117,29
1633,7.2,0.0509117,29
1634,7.2,0.0509117,29
1635,7.2,0.0509117,29
1636,7.2,0.0509117,29
1637,7.2,0.0509117,29
1638,7.2,0.0509117,29
1639,7.2,0.0509117,29
1640,7.2,0.0509117,29
1641,7.2,0.0509117,29
1642,7.2,0.0509117,29
1643,7.2,0.0509117,29
1644,7.2,0.0509117,29
1645,7.2,0.0509117,29
1646,7.2,0.0509117,29
1647,7.2,0.0509117,29
1648,7.2,0.0509117,30
1649,8.3,0.0586899,27
1650,9.9,0.0700036,24
1651,9.6,0.0678823,24
1652,8,0.0565685,29
1653,7.2,0.0509117,30
1654,7.2,0.0509117,29
1655,7.2,0.0509117,29
1656,7.2,0.0509117,29
1657,7.2,0.0509117,29
1658,7.2,0.0509117,29
1659,7.2,0.0509117,29
1660,7.2,0.0509117,29
1661,7.2,0.0509117,29
1662,7.2,0.0509117,29
1663,7.2,0.0509117,29
1664,7.2,0.0509117,29
1665,7.2,0.0509117,29
1666,7.2,0.0509117,29
1667,7.2,0.0509117,29
1668,7.2,0.0509117,29
1669,7.2,0.0509117,29
1670,7.2,0.0509117,29
1671,7.2,0.0509117,29
1672,7.2,0.0509117,29
1673,7.2,0.0509117,29
1674,7.2,0.0509117,29
1675,7.2,0.0509117,29
1676,7.2,0.0509117,29
1677,7.2,0.0509117,29
1678,7.2,0.0509117,29
1679,7.2,0.0509117,29
1680,7.2,0.0509117,29
1681,7.2,0.0509117,29
1682,7.2,0.0509117,29
1683,7.2,0.0509117,29
1684,7.2,0.0509117,29
1685,7.2,0.0509117,29
1686,7.2,0.0509117,29
1687,7.2,0.0509117,29
1688,7.2,0.0509117,29
1689,7.2,0.0509117,29
1690,7.2,0.0509117,29
1691,7.2,0.0509117,29
1692,7.2,0.0509117,29
1693,7.2,0.0509117,29
1694,7.2,0.0509117,29
1695,7.2,0.0509117,29
1696,7.2,0.0509117,29
1697,7.2,0.0509117,30
1698,8,0.0565685,29
1699,9.6,0.0678823,24
1700,9.9,0.0700036,24
1701,8.3,0.0586899,27
1702,7.2,0.0509117,30
1703,7.2,0.0509117,29
1704,7.2,0.0509117,29
1705,7.2,0.0509117,29
1706,7.2,0.0509117,29
1707,7.2,0.0509117,29
1708,7.2,0.0509117,29
1709,7.2,0.0509117,29
1710,7.2,0.0509117,29
1711,7.2,0.0509117,29
1712,7.2,0.0509117,29
1713,7.2,0.0509117,29
1714,7.2,0.0509117,29
1715,7.2,0.0509117,29
1716,7.2,0.0509117,29
1717,7.2,0.0509117,29
1718,7.2,0.0509117,29
1719,7.2,0.0509117,29
1720,7.2,0.0509117,29
1721,7.2,0.0509117,29
1722,7.2,0.0509117,29
1723,7.2,0.0509117,29
1724,7.2,0.0509117,29
1725,7.2,0.0509117,29
1726,7.2,0.0509117,29
1727,7.2,0.0509117,29
1728,7.2,0.0509117,29
1729,7.2,0.0509117,29
1730,7.2,0.0509117,29
1731,7.2,0.0509117,29
1732,7.2,0.0509117,29
1733,7.2,0.0509117,29
1734,7.2,0.0509117,29
1735,7.2,0.0509117,29
1736,7.2,0.0509117,29
1737,7.2,0.0509117,29
1738,7.2,0.0509117,29
1739,7.2,0.0509117,29
1740,7.2,0.0509117,29
1741,7.2,0.0509117,29
1742,7.2,0.0509117,29
1743,7.2,0.0509117,29
1744,7.2,0.0509117,29
1745,7.2,0.0509117,29
1746,7.2,0.0509117,30
1747,8.3,0.0586899,27
1748,9.9,0.0700036,24
1749,9.6,0.0678823,24
1750,8,0.0565685,29
1751,7.2,0.0509117,30
1752,7.2,0.0509117,29
1753,7.2,0.0509117,29
1754,7.2,0.0509117,29
1755,7.2,0.0509117,29
1756,7.2,0.0509117,29
1757,7.2,0.0509117,29
1758,7.2,0.0509117,29
1759,7.2,0.0509117,29
1760,7.2,0.0509117,29
1761,7.2,0.0509117,29
1762,7.2,0.0509117,29
1763,7.2,0.0509117,29
1764,7.2,0.0509117,29
1765,7.2,0.0509117,29
1766,7.2,0.0509117,29
1767,7.2,0.0509117,29
1768,7.2,0.0509117,29
1769,7.2,0.0509117,29
1770,7.2,0.0509117,29
1771,7.2,0.0509117,29
1772,7.2,0.0509117,29
1773,7.2,0.0509117,29
1774,7.2,0.0509117,29
1775,7.2,0.0509117,29
1776,7.2,0.0509117,29
1777,7.2,0.0509117,29
1778,7.2,0.0509117,29
1779,7.2,0.0509117,29
1780,7.2,0.0509117,29
1781,7.2,0.0509117,29
1782,7.2,0.0509117,29
1783,7.2,0.0509117,29
1784,7.2,0.0509117,29
1785,7.2,0.0509117,29
1786,7.2,0.0509117,29
1787,7.2,0.0509117,29
1788,7.2,0.0509117,29
1789,7.2,0.0509117,29
1790,7.2,0.0509117,29
1791,7.2,0.0509117,29
1792,7.2,0.0509117,29
1793,7.2,0.0509117,29
1794,7.2,0.0509117,29
1795,7.2,0.0509117,30
1796,8,0.0565685,29
1797,9.6,0.0678823,24
1798,9.9,0.0700036,24
1799,8.3,0.0586899,27
1800,7.2,0.0509117,30
1801,7.2,0.0509117,29
1802,7.2,0.0509117,29
1803,7.2,0.0509117,29
1804,7.2,0.0509117,29
1805,7.2,0.0509117,29
1806,7.2,0.0509117,29
1807,7.2,0.0509117,29
1808,7.2,0.0509117,29
1809,7.2,0.0509117,29
1810,7.2,0.0509117,29
1811,7.2,0.0509117,29
1812,7.2,0.0509117,29
1813,7.2,0.0509117,29
1814,7.2,0.0509117,29
1815,7.2,0.0509117,29
1816,7.2,0.0509117,29
1817,7.2,0.0509117,29
1818,7.2,0.0509117,29
1819,7.2,0.0509117,29
1820,7.2,0.0509117,29
1821,7.2,0.0509117,29
1822,7.2,0.0509117,29
1823,7.2,0.0509117,29
1824,7.2,0.0509117,29
1825,7.2,0.0509117,29
1826,7.2,0.0509117,29
1827,7.2,0.0509117,29
1828,7.2,0.0509117,29
1829,7.2,0.0509117,29
1830,7.2,0.0509117,29
1831,7.2,0.0509117,29
1832,7.2,0.0509117,29
1833,7.2,0.0509117,29
1834,7.2,0.0509117,29
1835,7.2,0.0509117,29
1836,7.2,0.0509117,29
1837,7.2,0.0509117,29
1838,7.2,0.0509117,29
1839,7.2,0.0509117,29
1840,7.2,0.0509117,29
1841,7.2,0.0509117,29
1842,7.2,0.0509117,29
1843,7.2,0.0509117,29
1844,7.2,0.0509117,30
1845,8.3,0.0586899,27
1846,9.9,0.0700036,24
1847,9.6,0.0678823,24
1848,8,0.0565685,29
1849,7.2,0.0509117,30
1850,7.2,0.0509117,29
1851,7.2,0.0509117,29
1852,7.2,0.0509117,29
1853,7.2,0.0509117,29
1854,7.2,0.0509117,29
1855,7.2,0.0509117,29
1856,7.2,0.0509117,29
1857,7.2,0.0509117,29
1858,7.2,0.0509117,29
1859,7.2,0.0509117,29
1860,7.2,0.0509117,29
1861,7.2,0.0509117,29
1862,7.2,0.0509117,29
1863,7.2,0.0509117,29
1864,7.2,0.0509117,29
1865,7.2,0.0509117,29
1866,7.2,0.0509117,29
1867,7.2,0.0509117,29
1868,7.2,0.0509117,29
1869,7.2,0.0509117,29
1870,7.2,0.0509117,29
1871,7.2,0.0509117,29
1872,7.2,0.0509117,29
1873,7.2,0.0509117,29
1874,7.2,0.0509117,29
1875,7.2,0.0509117,29
1876,7.2,0.0509117,29
1877,7.2,0.0509117,29
1878,7.2,0.0509117,29
1879,7.2,0.0509117,29
1880,7.2,0.0509117,29
1881,7.2,0.0509117,29
1882,7.2,0.0509117,29
1883,7.2,0.0509117,29
1884,7.2,0.0509117,29
1885,7.2,0.0509117,29
1886,7.2,0.0509117,29
1887,7.2,0.0509117,29
1888,7.2,0.0509117,29
1889,7.2,0.0509117,29
1890,7.2,0.0509117,29
1891,7.2,0.0509117,29
1892,7.2,0.0509117,29
1893,7.2,0.0509117,30
1894,8,0.0565685,29
1895,9.6,0.0678823,24
1896,9.9,0.0700036,24
1897,8.3,0.0586899,27
1898,7.2,0.0509117,30
1899,7.2,0.0509117,29
1900,7.2,0.0509117,29
1901,7.2,0.0509117,29
1902,7.2,0.0509117,29
1903,7.2,0.0509117,29
1904,7.2,0.0509117,29
1905,7.2,0.0509117,29
1906,7.2,0.0509117,29
1907,7.2,0.0509117,29
1908,7.2,0.0509117,29
1909,7.2,0.0509117,29
1910,7.2,0.0509117,29
1911,7.2,0.0509117,29
1912,7.2,0.0509117,29
1913,7.2,0.0509117,29
1914,7.2,0.0509117,29
1915,7.2,0.0509117,29
1916,7.2,0.0509117,29
1917,7.2,0.0509117,29
1918,7.2,0.0509117,29
1919,7.2,0.0509117,29
1920,7.2,0.0509117,29
1921,7.2,0.0509117,29
1922,7.2,0.0509117,29
1923,7.2,0.0509117,29
1924,7.2,0.0509117,29
1925,7.2,0.0509117,29
1926,7.2,0.0509117,29
1927,7.2,0.0509117,29
1928,7.2,0.0509117,29
1929,7.2,0.0509117,29
1930,7.2,0.0509117,29
1931,7.2,0.0509117,29
1932,7.2,0.0509117,29
1933,7.2,0.0509117,29
1934,7.2,0.0509117,29
1935,7.2,0.0509117,29
1936,7.2,0.0509117,29
1937,7.2,0.0509117,29
1938,7.2,0.0509117,29
1939,7.2,0.0509117,29
1940,7.2,0.0509117,29
1941,7.2,0.0509117,29
1942,7.2,0.0509117,30
1943,8.3,0.0586899,27
1944,9.9,0.0700036,24
1945,9.1,0.0643467,25
1946,8,0.0565685,30
1947,7.2,0.0509117,31
1948,7.2,0.0509117,30
1949,7.2,0.0509117,30
1950,7.2,0.0509117,30
1951,7.2,0.0509117,30
1952,7.2,0.0509117,30
1953,7.2,0.0509117,30
1954,7.2,0.0509117,30
1955,7.2,0.0509117,30
1956,7.2,0.0509117,30
1957,7.2,0.0509117,30
1958,7.2,0.0509117,30
1959,7.2,0.0509117,30
1960,7.2,0.0509117,30
1961,7.2,0.0509117,30
1962,7.2,0.0509117,30
1963,7.2,0.0509117,30
1964,7.2,0.0509117,30
1965,7.2,0.0509117,30
1966,7.2,0.0509117,30
1967,7.2,0.0509117,30
1968,7.2,0.0509117,30
1969,7.2,0.0509117,30
1970,7.2,0.0509117,30
1971,7.2,0.0509117,30
1972,7.2,0.0509117,30
1973,7.2,0.0509117,30
1974,7.2,0.0509117,30
1975,7.2,0.0509117,30
1976,7.2,0.0509117,30
1977,7.2,0.0509117,30
1978,7.2,0.0509117,30
1979,7.2,0.0509117,30
1980,7.2,0.0509117,30
1981,7.2,0.0509117,30
1982,7.2,0.0509117,30
1983,7.2,0.0509117,30
1984,7.2,0.0509117,30
1985,7.2,0.0509117,30
1986,7.2,0.0509117,30
1987,7.2,0.0509117,30
1988,7.2,0.0509117,30
1989,7.2,0.0509117,30
1990,7.2,0.0509117,30
1991,7.2,0.0509117,31
1992,8,0.0565685,30
1993,9.1,0.0643467,25
1994,9.6,0.0678823,23
1995,9.3,0.0657609,26
1996,8,0.0565685,30
1997,8.3,0.0586899,27
1998,8,0.0565685,29
1999,8.3,0.0586899,27
2000,8,0.0565685,29
2001,8.3,0.0586899,27
2002,8,0.0565685,29
2003,8.3,0.0586899,27
2004,8,0.0565685,29
2005,8.3,0.0586899,27
2006,8,0.0565685,29
2007,8.3,0.0586899,27
2008,8,0.0565685,29
2009,8.3,0.0586899,27
2010,8,0.0565685,29
2011,8.3,0.0586899,27
2012,8,0.0565685,29
2013,8.3,0.0586899,27
2014,8,0.0565685,29
2015,8.3,0.0586899,27
2016,8,0.0565685,29
2017,8.3,0.0586899,27
2018,8,0.0565685,29
2019,8.3,0.0586899,27
2020,8,0.0565685,29
2021,8.3,0.0586899,27
2022,8,0.0565685,29
2023,8.3,0.0586899,27
2024,8,0.0565685,29
2025,8.3,0.0586899,27
2026,8,0.0565685,29
2027,8.3,0.0586899,27
2028,8,0.0565685,29
2029,8.3,0.0586899,27
2030,8,0.0565685,29
2031,8.3,0.0586899,27
2032,8,0.0565685,29
2033,8.3,0.0586899,27
2034,8,0.0565685,29
2035,8.3,0.0586899,27
2036,8,0.0565685,29
2037,8.3,0.0586899,27
2038,8,0.0565685,29
2039,8.3,0.0586899,27
2040,8,0.0565685,30
2041,9.3,0.0657609,26
2042,9.6,0.0678823,23
2043,11.8,0.0834386,19
2044,9.6,0.0678823,23
2045,9.1,0.0643467,25
2046,9.9,0.0700036,24
2047,9.6,0.0678823,24
2048,9.9,0.0700036,24
2049,9.6,0.0678823,24
2050,9.9,0.0700036,24
2051,9.6,0.0678823,24
2052,9.9,0.0700036,24
2053,9.6,0.0678823,24
2054,9.9,0.0700036,24
2055,9.6,0.0678823,24
2056,9.9,0.0700036,24
2057,9.6,0.0678823,24
2058,9.9,0.0700036,24
2059,9.6,0.0678823,24
2060,9.9,0.0700036,24
2061,9.6,0.0678823,24
2062,9.9,0.0700036,24
2063,9.6,0.0678823,24
2064,9.9,0.0700036,24
2065,9.6,0.0678823,24
2066,9.9,0.0700036,24
2067,9.6,0.0678823,24
2068,9.9,0.0700036,24
2069,9.6,0.0678823,24
2070,9.9,0.0700036,24
2071,9.6,0.0678823,24
2072,9.9,0.0700036,24
2073,9.6,0.0678823,24
2074,9.9,0.0700036,24
2075,9.6,0.0678823,24
2076,9.9,0.0700036,24
2077,9.6,0.0678823,24
2078,9.9,0.0700036,24
2079,9.6,0.0678823,24
2080,9.9,0.0700036,24
2081,9.6,0.0678823,24
2082,9.9,0.0700036,24
2083,9.6,0.0678823,24
2084,9.9,0.0700036,24
2085,9.6,0.0678823,24
2086,9.9,0.0700036,24
2087,9.6,0.0678823,24
2088,9.9,0.0700036,24
2089,9.1,0.0643467,25
2090,9.6,0.0678823,23
2091,11.8,0.0834386,19
